CLASSIFICATION REPORT

              precision    recall  f1-score   support

           0     0.9482    1.0000    0.9734       750
           1     1.0000    0.9467    0.9726       750
           2     0.9987    1.0000    0.9993       750
           3     1.0000    0.9973    0.9987       750
           4     0.8936    0.9747    0.9324       750
           5     0.9639    0.8200    0.8862       750
           6     0.9320    0.9867    0.9585       750
           7     0.9447    0.9787    0.9614       750
           8     0.9751    0.9400    0.9572       750
           9     0.9323    0.9547    0.9433       750
          10     0.9335    0.9547    0.9440       750
          11     0.9902    0.9400    0.9644       750
          12     1.0000    1.0000    1.0000       750
          13     0.9934    0.9973    0.9953       750
          14     0.9973    0.9813    0.9892       750
          15     0.9960    1.0000    0.9980       750
          16     0.9315    0.9973    0.9633       750
          17     0.9971    0.9267    0.9606       750
          18     0.9724    0.8920    0.9305       750
          19     1.0000    1.0000    1.0000       750
          20     0.8902    0.9733    0.9299       750
          21     0.9062    0.7347    0.8115       750
          22     0.8752    0.8973    0.8861       750
          23     0.7480    0.8707    0.8047       750
          24     0.6914    0.9707    0.8075       750
          25     0.9510    0.5686    0.7117       751

    accuracy                         0.9347     19501
   macro avg     0.9408    0.9347    0.9338     19501
weighted avg     0.9408    0.9347    0.9338     19501


CONFUSION MATRIX

[[750   0   0   0   0   0   0   0   0   0   0   0   0   0   0   0   0   0
    0   0   0   0   0   0   0   0]
 [ 40 710   0   0   0   0   0   0   0   0   0   0   0   0   0   0   0   0
    0   0   0   0   0   0   0   0]
 [  0   0 750   0   0   0   0   0   0   0   0   0   0   0   0   0   0   0
    0   0   0   0   0   0   0   0]
 [  1   0   1 748   0   0   0   0   0   0   0   0   0   0   0   0   0   0
    0   0   0   0   0   0   0   0]
 [  0   0   0   0 731  18   1   0   0   0   0   0   0   0   0   0   0   0
    0   0   0   0   0   0   0   0]
 [  0   0   0   0  82 615  53   0   0   0   0   0   0   0   0   0   0   0
    0   0   0   0   0   0   0   0]
 [  0   0   0   0   5   5 740   0   0   0   0   0   0   0   0   0   0   0
    0   0   0   0   0   0   0   0]
 [  0   0   0   0   0   0   0 734  15   0   0   0   0   0   0   0   0   0
    0   0   0   0   0   0   1   0]
 [  0   0   0   0   0   0   0  39 705   0   0   0   0   0   0   0   0   0
    0   0   3   0   0   0   3   0]
 [  0   0   0   0   0   0   0   0   0 716  28   6   0   0   0   0   0   0
    0   0   0   0   0   0   0   0]
 [  0   0   0   0   0   0   0   0   0  33 716   1   0   0   0   0   0   0
    0   0   0   0   0   0   0   0]
 [  0   0   0   0   0   0   0   0   0  19  21 705   0   5   0   0   0   0
    0   0   0   0   0   0   0   0]
 [  0   0   0   0   0   0   0   0   0   0   0   0 750   0   0   0   0   0
    0   0   0   0   0   0   0   0]
 [  0   0   0   0   0   0   0   0   0   0   2   0   0 748   0   0   0   0
    0   0   0   0   0   0   0   0]
 [  0   0   0   0   0   0   0   0   0   0   0   0   0   0 736   3   0   0
    3   0   7   0   0   0   1   0]
 [  0   0   0   0   0   0   0   0   0   0   0   0   0   0   0 750   0   0
    0   0   0   0   0   0   0   0]
 [  0   0   0   0   0   0   0   0   0   0   0   0   0   0   0   0 748   2
    0   0   0   0   0   0   0   0]
 [  0   0   0   0   0   0   0   0   0   0   0   0   0   0   0   0  55 695
    0   0   0   0   0   0   0   0]
 [  0   0   0   0   0   0   0   0   0   0   0   0   0   0   0   0   0   0
  669   0  79   0   0   0   2   0]
 [  0   0   0   0   0   0   0   0   0   0   0   0   0   0   0   0   0   0
    0 750   0   0   0   0   0   0]
 [  0   0   0   0   0   0   0   0   0   0   0   0   0   0   0   0   0   0
   16   0 730   0   0   0   4   0]
 [  0   0   0   0   0   0   0   0   0   0   0   0   0   0   0   0   0   0
    0   0   0 551  45 154   0   0]
 [  0   0   0   0   0   0   0   0   0   0   0   0   0   0   0   0   0   0
    0   0   0  11 673  66   0   0]
 [  0   0   0   0   0   0   0   0   0   0   0   0   0   0   0   0   0   0
    0   0   0  46  51 653   0   0]
 [  0   0   0   0   0   0   0   0   0   0   0   0   0   0   0   0   0   0
    0   0   0   0   0   0 728  22]
 [  0   0   0   0   0   0   0   4   3   0   0   0   0   0   2   0   0   0
    0   0   1   0   0   0 314 427]]