GENAI CLASSIFICATION REPORT

              precision    recall  f1-score   support

           0     0.9986    0.9600    0.9789       750
           1     0.9410    1.0000    0.9696       750
           2     0.9986    0.9787    0.9886       750
           3     1.0000    0.9960    0.9980       750
           4     0.9957    0.9293    0.9614       750
           5     0.9153    0.9360    0.9255       750
           6     0.9349    0.9760    0.9550       750
           7     0.8058    0.9960    0.8909       750
           8     0.9948    0.7653    0.8651       750
           9     0.9573    0.9267    0.9417       750
          10     0.9206    0.9587    0.9393       750
          11     0.9820    0.9440    0.9626       750
          12     1.0000    1.0000    1.0000       750
          13     0.9702    1.0000    0.9849       750
          14     0.9973    0.9960    0.9967       750
          15     0.9960    1.0000    0.9980       750
          16     0.9352    1.0000    0.9665       750
          17     1.0000    0.9307    0.9641       750
          18     0.9503    0.9440    0.9472       750
          19     0.9921    1.0000    0.9960       750
          20     0.9430    0.9480    0.9455       750
          21     0.9314    0.9600    0.9455       750
          22     0.8880    0.9827    0.9329       750
          23     0.9660    0.8347    0.8956       750
          24     0.8325    0.8880    0.8594       750
          25     0.8808    0.8069    0.8423       751

    accuracy                         0.9484     19501
   macro avg     0.9511    0.9484    0.9481     19501
weighted avg     0.9511    0.9484    0.9481     19501


CONFUSION MATRIX

[[720  30   0   0   0   0   0   0   0   0   0   0   0   0   0   0   0   0
    0   0   0   0   0   0   0   0]
 [  0 750   0   0   0   0   0   0   0   0   0   0   0   0   0   0   0   0
    0   0   0   0   0   0   0   0]
 [  0  16 734   0   0   0   0   0   0   0   0   0   0   0   0   0   0   0
    0   0   0   0   0   0   0   0]
 [  1   1   1 747   0   0   0   0   0   0   0   0   0   0   0   0   0   0
    0   0   0   0   0   0   0   0]
 [  0   0   0   0 697  47   6   0   0   0   0   0   0   0   0   0   0   0
    0   0   0   0   0   0   0   0]
 [  0   0   0   0   3 702  45   0   0   0   0   0   0   0   0   0   0   0
    0   0   0   0   0   0   0   0]
 [  0   0   0   0   0  18 732   0   0   0   0   0   0   0   0   0   0   0
    0   0   0   0   0   0   0   0]
 [  0   0   0   0   0   0   0 747   3   0   0   0   0   0   0   0   0   0
    0   0   0   0   0   0   0   0]
 [  0   0   0   0   0   0   0 170 574   0   0   0   0   0   1   2   0   0
    0   0   3   0   0   0   0   0]
 [  0   0   0   0   0   0   0   0   0 695  54   1   0   0   0   0   0   0
    0   0   0   0   0   0   0   0]
 [  0   0   0   0   0   0   0   0   0   3 719  12   0  16   0   0   0   0
    0   0   0   0   0   0   0   0]
 [  0   0   0   0   0   0   0   0   0  28   8 708   0   6   0   0   0   0
    0   0   0   0   0   0   0   0]
 [  0   0   0   0   0   0   0   0   0   0   0   0 750   0   0   0   0   0
    0   0   0   0   0   0   0   0]
 [  0   0   0   0   0   0   0   0   0   0   0   0   0 750   0   0   0   0
    0   0   0   0   0   0   0   0]
 [  0   0   0   0   0   0   0   0   0   0   0   0   0   0 747   1   0   0
    1   1   0   0   0   0   0   0]
 [  0   0   0   0   0   0   0   0   0   0   0   0   0   0   0 750   0   0
    0   0   0   0   0   0   0   0]
 [  0   0   0   0   0   0   0   0   0   0   0   0   0   0   0   0 750   0
    0   0   0   0   0   0   0   0]
 [  0   0   0   0   0   0   0   0   0   0   0   0   0   0   0   0  52 698
    0   0   0   0   0   0   0   0]
 [  0   0   0   0   0   0   0   0   0   0   0   0   0   0   0   0   0   0
  708   5  37   0   0   0   0   0]
 [  0   0   0   0   0   0   0   0   0   0   0   0   0   0   0   0   0   0
    0 750   0   0   0   0   0   0]
 [  0   0   0   0   0   0   0   0   0   0   0   0   0   0   0   0   0   0
   36   0 711   0   0   0   3   0]
 [  0   0   0   0   0   0   0   0   0   0   0   0   0   0   0   0   0   0
    0   0   0 720  16  14   0   0]
 [  0   0   0   0   0   0   0   0   0   0   0   0   0   0   0   0   0   0
    0   0   0   5 737   8   0   0]
 [  0   0   0   0   0   0   0   0   0   0   0   0   0   0   0   0   0   0
    0   0   0  47  77 626   0   0]
 [  0   0   0   0   0   0   0   2   0   0   0   0   0   0   0   0   0   0
    0   0   0   0   0   0 666  82]
 [  0   0   0   0   0   0   0   8   0   0   0   0   0   1   1   0   0   0
    0   0   3   1   0   0 131 606]]